SELECT * INTO public.relevant_NOTNULLassays200 FROM Public.temp_notnullpic50
WHERE assay_id IN (688293,
688258,
688550,
688746,
688111,
688693,
688660,
688597,
1528225,
1528055,
1528121,
1528416,
1528048,
1528310,
1528149,
1528014,
1528015,
1528050,
1536249,
1528000,
1528842,
1528185,
1528782,
752567,
688648,
809285,
1535399,
1528775,
1527772,
1528359,
1641705,
809115,
1528067,
1640340,
1640395,
1641706,
1535400,
809255,
809278,
688395,
1527735,
1528720,
1528572,
1528302,
1527978,
688781,
809174,
1535927,
1527972,
809121,
1527881,
1537627,
809262,
1534778,
1528724,
1641073,
1641782,
1641783,
809220,
1528204,
809139,
1641034,
1641126,
809163,
809219,
1527815,
1527732,
1641035,
809238,
809227,
809138,
809170,
1528587,
1528893,
1527765,
809175,
1641253,
809171,
809283,
1534938,
1640573,
1528613,
1534634,
809258,
1642102,
1641264,
809198,
1528385,
1528386,
1640574,
688624,
809156,
1537646,
1641170,
809133,
809155,
809243,
809197,
809154,
809167,
1528018,
1527981,
1528144,
522127,
809166,
1641036,
1527950,
1528294,
809231,
1642076,
1642077,
809194,
1642463,
809189,
809234,
809153,
809275,
809149,
1642462,
1527674,
1537597,
1640565,
1641654,
809204,
1528484,
809196,
1528485,
1528250,
1641143,
1527983,
1527984,
809202,
809173,
809267,
1641033,
809266,
1641655,
1527916,
1528019,
1528102,
1535339,
1536256,
809248,
1535129,
688427,
1528695,
688290,
809152,
1534978,
1641177,
1640351,
809165,
1528358,
809282,
809272,
1527871,
1641661,
1640500,
1527870,
809280,
809241,
1528427,
1528884,
809141,
809179,
809186,
1640360,
1527798,
1528932,
1534980,
809190,
1528320,
809256,
1641176,
1640604,
809151,
1527854,
809233,
809265,
809230,
1528549,
809134,
809250,
1536270,
512395,
809200,
1641807,
809212,
1528677,
809184,
1528713,
1641629,
1641656,
809116,
809119,
1639970,
1642543,
809158,
809221,
809271,
1642378,
1642379,
1642380,
1527803,
1528662,
809183,
1640622,
1640623,
809168,
1528122,
1528777,
809193,
809247,
1642415,
809273,
737392,
654923,
809254,
1527974,
809235,
654926,
1528721,
1642025,
654921,
809172,
1537610,
1642147,
1642539,
654924,
809132,
809162,
809355,
1527619)