SELECT * FROM public.assays
WHERE tid IN (8,
188,
213,
10006,
10044,
10049,
10050,
10051,
10055,
10056,
10087,
10120,
10125,
10140,
10152,
10179,
10185,
10188,
10191,
10197,
10207,
10216,
10235,
10245,
10250,
10262,
10276,
10277,
10297,
10312,
10341,
10368,
10371,
10396,
10427,
10434,
10478,
10480,
10531,
10550,
10551,
10612,
10659,
10660,
10695,
10696,
10711,
10751,
10752,
10778,
10781,
10782,
10784,
10811,
10839,
10842,
10844,
10849,
10850,
10856,
10876,
10877,
10878,
10879,
10880,
10885,
10899,
10900,
10901,
10903,
10904,
10906,
10907,
10918,
10919,
10920,
10929,
10938,
10939,
10941,
10942,
10967,
10970,
10971,
10986,
10993,
11017,
11018,
11019,
11020,
11029,
11046,
11047,
11048,
11080,
11081,
11082,
11105,
11149,
11150,
11177,
11209,
11242,
11361,
11362,
11364,
11382,
11383,
11384,
11385,
11391,
11400,
11407,
11408,
11409,
11410,
11422,
11454,
11458,
11617,
11622,
11626,
11628,
11629,
11635,
11636,
11637,
11638,
11639,
11645,
11678,
11691,
11697,
11699,
11709,
11710,
11713,
11716,
11720,
11737,
11742,
11755,
11785,
11802,
11836,
11842,
11843,
11868,
11870,
11873,
11882,
11896,
11908,
11909,
11939,
11940,
11941,
11942,
11969,
11970,
11977,
12037,
12038,
12049,
12071,
12077,
12082,
12090,
12130,
12133,
12170,
12178,
12214,
12247,
12261,
12263,
12264,
12266,
12276,
12298,
12345,
12394,
12415,
12454,
12470,
12475,
12504,
12506,
12536,
12538,
12576,
12635,
12648,
12665,
12666,
12670,
12672,
12683,
12684,
12685,
12694,
12699,
12706,
12718,
12724,
12732,
12735,
12780,
12781,
12782,
12828,
12829,
12874,
12913,
12915,
12919,
12944,
12946,
12947,
12959,
12967,
12983,
14068,
17033,
17067,
17144,
17145,
18033,
18082,
19623,
19639,
19650,
19907,
20007,
20014,
20015,
20018,
20020,
20025,
20028,
20072,
20083,
20084,
20095,
20110,
20118,
20128,
20137,
20139,
20147,
20155,
20158,
20171,
30000,
30001,
30002,
30003,
30004,
30005,
30006,
30007,
30011,
30012,
30013,
30014,
30015,
30016,
30017,
30018,
30022,
30023,
30024,
30025,
30026,
30028,
30029,
30030,
30031,
30032,
30033,
30034,
30035,
30036,
30037,
30038,
30039,
30040,
30041,
30042,
30043,
30044,
30045,
30047,
30048,
30049,
30050,
30051,
100018,
100069,
100070,
100071,
100072,
100073,
100074,
100077,
100079,
100080,
100083,
100096,
100097,
100098,
100104,
100106,
100107,
100126,
100127,
100131,
100132,
100140,
100293,
100331,
100410,
100411,
100412,
100413,
100414,
100415,
100417,
100418,
100419,
100420,
100421,
100422,
100423,
100424,
100457,
100789,
100790,
100796,
100818,
100819,
100824,
100825,
100833,
100834,
100835,
100836,
100843,
100844,
100845,
100846,
100847,
100849,
100850,
100851,
100852,
100853,
100854,
100855,
100856,
100895,
100906,
100909,
100912,
100914,
100918,
100920,
100921,
100922,
100925,
100931,
100937,
100943,
100947,
100948,
100949,
100951,
100961,
100963,
100969,
100975,
100976,
100990,
100995,
101002,
101003,
101004,
101014,
101019,
101030,
101031,
101032,
101033,
101041,
101045,
101047,
101048,
101053,
101055,
101056,
101058,
101066,
101067,
101069,
101073,
101078,
101084,
101120,
101130,
101131,
101170,
101179,
101180,
101182,
101183,
101185,
101188,
101191,
101217,
101220,
101221,
101222,
101226,
101231,
101233,
101238,
101239,
101249,
101255,
101269,
101270,
101278,
101281,
101282,
101284,
101299,
101300,
101309,
101312,
101316,
101317,
101321,
101324,
101332,
101333,
101338,
101339,
101348,
101349,
101359,
101360,
101365,
101386,
101398,
101399,
101404,
101405,
101407,
101408,
101410,
101411,
101415,
101417,
101433,
101434,
101448,
101449,
101450,
101460,
101464,
101465,
101484,
101495,
101496,
101503,
101504,
101506,
101508,
101513,
101514,
101530,
101538,
101550,
101552,
101553,
101557,
101582,
101583,
101584,
101596,
101602,
101605,
101607,
101610,
101612,
101613,
102390,
102391,
102397,
102399,
102400,
102404,
102420,
102421,
102430,
102431,
102447,
102453,
102454,
102465,
102472,
102473,
102474,
102560,
102582,
102589,
102617,
102656,
102667,
102669,
102678,
102711,
102770,
102774,
102778,
102784,
102799,
102822,
102830,
102831,
102832,
102833,
102839,
102840,
102846,
102858,
102865,
102879,
102886,
102911,
102920,
102922,
102924,
102937,
102950,
102963,
102983,
102987,
102992,
103042,
103047,
103054,
103058,
103062,
103063,
103085,
103091,
103095,
103100,
103102,
103104,
103105,
103106,
103113,
103114,
103125,
103131,
103134,
103140,
103141,
103152,
103154,
103157,
103159,
103169,
103430,
103433,
103435,
103437,
103441,
103443,
103446,
103449,
103452,
103453,
103455,
103456,
103457,
103458,
103465,
103510,
103565,
103576,
103593,
103646,
103661,
103686,
103690,
103845,
103855,
103963,
103996,
103997,
104113,
104126,
104146,
104149,
104150,
104154,
104195,
104201,
104207,
104208,
104243,
104245,
104254,
104271,
104272,
104273,
104274,
104275,
104276,
104278,
104279,
104280,
104294,
104295,
104296,
104299,
104300,
104313,
104314,
104315,
104316,
104317,
104318,
104320,
104330,
104378,
104387,
104424,
104428,
104431,
104433,
104434,
104490,
104510,
104533,
104535,
104536,
104537,
104539,
104540,
104541,
104542,
104600,
104669,
104683,
104697,
104708,
104709,
104710,
104720,
104731,
104772,
104775,
104808,
104812,
104813,
104818,
104820,
104822,
104832,
104844,
104875,
104879,
104911,
104912,
104922,
104943,
104963,
104976,
104980,
104981,
105000,
105018,
105020,
105023,
105025,
105028,
105035,
105044,
105055,
105065,
105067,
105070,
105074,
105079,
105104,
105106,
105109,
105187,
105234,
105235,
105236,
105354,
105356,
105359,
105374,
105375,
105380,
105387,
105390,
105391,
105392,
105413,
105417,
105418,
105419,
105427,
105474,
105476,
105488,
105490,
105492,
105501,
105554,
105573,
105579,
105580,
105587,
105592,
105608,
105649,
105657,
105673,
105694,
106594,
106624,
106709,
107581,
107622,
107644,
107645,
107646,
107647,
107667,
107903,
107919,
107920,
108015,
108019,
108033,
108035,
108045,
108237,
108265,
108288,
108319,
108359,
108392,
108393,
108399,
108403,
108431,
108432,
109130,
109135,
109152,
109154,
109166,
109199,
109208,
109253,
109466,
109480,
109482,
109483,
109544,
109573,
109585,
109586,
109587,
109599,
109606,
109607,
109619,
109633,
109634,
109638,
109645,
109647,
109657,
109661,
109664,
109668,
109704,
109736,
109737,
109739,
109740,
109746,
109750,
109813,
109819,
109903,
109861,
109902,
109904,
109906,
109907,
109912,
109914,
109934,
109940,
109945,
109964,
109966,
109969,
109973,
109994,
110122,
113447,
113448,
113511,
116669,
116670,
116671,
116679,
116684,
116686,
116773,
116790,
116792,
116814,
116880,
116887,
116899,
116901,
116924,
116955,
116985,
117007,
117010,
117011,
117016,
117017,
117021,
117022,
117030,
117036,
117037,
117041,
117047,
117048,
117079,
117083,
117087,
117091,
117092,
117093,
117094,
117095,
117096,
117097,
117098,
117100,
117101,
117102,
117109,
117110,
117123,
117124,
117143,
117146,
117147,
117156,
117158,
117159,
117160,
117161,
117163,
117171,
117173,
117174,
117178,
117179,
117180,
117181,
117189,
117193,
117194,
117270,
117282,
117283,
117289)